Aluminum Foil,"542     2003.0
729      357.0
733      700.0
736      395.0
1344    2369.0
1699     364.0
1737    1702.0
Name: Intensity, dtype: float64"
Grinded Morton Salt,"218       894.0
347     12159.0
759      3988.0
1089     1013.0
1380      553.0
1650      958.0
1657      650.0
1911      583.0
1919      358.0
Name: Intensity, dtype: float64"
Powder Salt and Al,"209      376.0
338     5165.0
346     2446.0
541     1559.0
547      620.0
727      780.0
749     4413.0
753     2858.0
1078     574.0
1082     571.0
1338     430.0
1343     352.0
1372     505.0
1376     428.0
1649     536.0
1731     505.0
1738     389.0
1904     548.0
1909     392.0
1912     372.0
Name: Intensity, dtype: float64"
Morton Salt,"347      9901.0
352     16662.0
354     10640.0
757       589.0
762      1851.0
766       965.0
1380      445.0
1384     1299.0
1389      644.0
1911      696.0
1918      453.0
Name: Intensity, dtype: float64"
